$ANSIBLE_VAULT;1.1;AES256
65656364633762363437653836343665386535343631623639396662666435316234633034313431
3737303738386163356430653736346237346630303232610a346439623034626563323161613236
38613664393263386333333162646536386664623238396439393765343161326361323965653739
3038356133386534360a373365343537613961306431383735333966376132323434383565393330
64363762626661313235303934613039373330623031343132663064346466396434623330396265
64313262333336376666616435623031646437623135636531633435386363653135363634646435
64316562663939383161386361383265336261393633663963626232393732653563653636396130
66356638376564343564616234316634366135313735353634353134353330373063663366613865
62383436313630643135323165663063313838616161646136356638636366643032306534373134
62333363303066636332653131313738636439666264346565613439383063653464656566613533
666430393837323630353062363438656162
